##TITLE= TanhTan_AHP1
##JCAMP-DX= 5.00 Bruker JCAMP library
##DATA TYPE= Shape Data
##ORIGIN= Bruker BioSpin GmbH
##OWNER= <jk>
##DATE= 2012/11/06
##TIME= 18:22:31
##$SHAPE_PARAMETERS= Type: TanhTan ; Total Sweep-Width [Hz] 100000.0 ; Length of Pulse [usec] 6000.0 ; Value for zeta 10.0 ; Value for tan(kappa) 20.0 ; 1=High to low field, -1=Low to high field -1.0
##MINX= 0.000000E00
##MAXX= 1.000000E02
##MINY= 0.000000E00
##MAXY= 3.568802E02
##$SHAPE_EXMODE= Adiabatic
##$SHAPE_TOTROT= 1.800000E02
##$SHAPE_TYPE= Inversion
##$SHAPE_USER_DEF= 
##$SHAPE_REPHFAC= 
##$SHAPE_BWFAC= 4.249400E01
##$SHAPE_BWFAC50= 
##$SHAPE_INTEGFAC= 9.562492E-02
##$SHAPE_MODE= 0
##NPOINTS= 500
##XYPOINTS= (XY..XY)
0.000000E00, 2.806510E02
2.003740E00, 1.756125E02
4.005871E00, 7.645866E01
6.004791E00, 3.425665E02
7.998907E00, 2.534073E02
9.986640E00, 1.685282E02
1.196643E01, 8.753836E01
1.393676E01, 1.009843E01
1.589611E01, 2.959115E02
1.784301E01, 2.247166E02
1.977605E01, 1.562828E02
2.169382E01, 9.040528E01
2.359500E01, 2.690094E01
2.547828E01, 3.256059E02
2.734243E01, 2.663726E02
2.918627E01, 2.090679E02
3.100867E01, 1.535712E02
3.280856E01, 9.977290E01
3.458493E01, 4.757300E01
3.633686E01, 3.568802E02
3.806346E01, 3.076109E02
3.976393E01, 2.596880E02
4.143751E01, 2.130410E02
4.308352E01, 1.676043E02
4.470137E01, 1.233176E02
4.629048E01, 8.012499E01
4.785039E01, 3.797438E01
4.938067E01, 3.568175E02
5.088096E01, 3.166092E02
5.235097E01, 2.773076E02
5.379046E01, 2.388734E02
5.519925E01, 2.012698E02
5.657722E01, 1.644623E02
5.792430E01, 1.284186E02
5.924046E01, 9.310834E01
6.052574E01, 5.850286E01
6.178023E01, 2.457523E01
6.300403E01, 3.513000E02
6.419732E01, 3.186532E02
6.536030E01, 2.866121E02
6.649321E01, 2.551553E02
6.759633E01, 2.242623E02
6.866997E01, 1.939140E02
6.971446E01, 1.640919E02
7.073017E01, 1.347788E02
7.171749E01, 1.059580E02
7.267684E01, 7.761386E01
7.360865E01, 4.973139E01
7.451338E01, 2.229630E01
7.539148E01, 3.552950E02
7.624345E01, 3.287144E02
7.706978E01, 3.025422E02
7.787098E01, 2.767665E02
7.864755E01, 2.513759E02
7.940003E01, 2.263596E02
8.012895E01, 2.017072E02
8.083482E01, 1.774087E02
8.151819E01, 1.534545E02
8.217960E01, 1.298355E02
8.281958E01, 1.065429E02
8.343867E01, 8.356823E01
8.403739E01, 6.090336E01
8.461628E01, 3.854048E01
8.517587E01, 1.647208E01
8.571669E01, 3.546909E02
8.623923E01, 3.331901E02
8.674403E01, 3.119628E02
8.723157E01, 2.910026E02
8.770237E01, 2.703033E02
8.815690E01, 2.498588E02
8.859566E01, 2.296634E02
8.901911E01, 2.097115E02
8.942771E01, 1.899976E02
8.982194E01, 1.705166E02
9.020222E01, 1.512633E02
9.056900E01, 1.322329E02
9.092270E01, 1.134206E02
9.126375E01, 9.482190E01
9.159255E01, 7.643235E01
9.190949E01, 5.824766E01
9.221498E01, 4.026366E01
9.250938E01, 2.247635E01
9.279306E01, 4.881811E00
9.306639E01, 3.474763E02
9.332971E01, 3.302560E02
9.358336E01, 3.132176E02
9.382767E01, 2.963574E02
9.406297E01, 2.796722E02
9.428956E01, 2.631587E02
9.450775E01, 2.468137E02
9.471783E01, 2.306342E02
9.492008E01, 2.146171E02
9.511479E01, 1.987596E02
9.530221E01, 1.830588E02
9.548260E01, 1.675120E02
9.565622E01, 1.521165E02
9.582332E01, 1.368697E02
9.598411E01, 1.217691E02
9.613884E01, 1.068123E02
9.628772E01, 9.199670E01
9.643097E01, 7.732010E01
9.656878E01, 6.278019E01
9.670136E01, 4.837476E01
9.682890E01, 3.410163E01
9.695159E01, 1.995870E01
9.706960E01, 5.943905E00
9.718310E01, 3.520552E02
9.729227E01, 3.382908E02
9.739727E01, 3.246485E02
9.749825E01, 3.111267E02
9.759535E01, 2.977235E02
9.768873E01, 2.844370E02
9.777853E01, 2.712656E02
9.786487E01, 2.582076E02
9.794790E01, 2.452613E02
9.802772E01, 2.324251E02
9.810447E01, 2.196974E02
9.817827E01, 2.070767E02
9.824921E01, 1.945615E02
9.831742E01, 1.821502E02
9.838299E01, 1.698415E02
9.844602E01, 1.576339E02
9.850662E01, 1.455260E02
9.856487E01, 1.335166E02
9.862086E01, 1.216042E02
9.867469E01, 1.097876E02
9.872642E01, 9.806552E01
9.877615E01, 8.643671E01
9.882395E01, 7.489996E01
9.886990E01, 6.345408E01
9.891405E01, 5.209790E01
9.895650E01, 4.083030E01
9.899729E01, 2.965014E01
9.903649E01, 1.855634E01
9.907417E01, 7.547816E00
9.911038E01, 3.566235E02
9.914518E01, 3.457824E02
9.917863E01, 3.350235E02
9.921077E01, 3.243458E02
9.924166E01, 3.137484E02
9.927135E01, 3.032302E02
9.929987E01, 2.927903E02
9.932729E01, 2.824279E02
9.935363E01, 2.721420E02
9.937895E01, 2.619318E02
9.940327E01, 2.517963E02
9.942665E01, 2.417348E02
9.944911E01, 2.317464E02
9.947070E01, 2.218302E02
9.949144E01, 2.119855E02
9.951137E01, 2.022116E02
9.953052E01, 1.925075E02
9.954893E01, 1.828726E02
9.956661E01, 1.733061E02
9.958360E01, 1.638073E02
9.959993E01, 1.543754E02
9.961562E01, 1.450098E02
9.963069E01, 1.357097E02
9.964517E01, 1.264746E02
9.965909E01, 1.173036E02
9.967246E01, 1.081961E02
9.968531E01, 9.915154E01
9.969765E01, 9.016922E01
9.970951E01, 8.124854E01
9.972091E01, 7.238886E01
9.973186E01, 6.358958E01
9.974238E01, 5.485011E01
9.975249E01, 4.616987E01
9.976220E01, 3.754827E01
9.977154E01, 2.898474E01
9.978050E01, 2.047874E01
9.978912E01, 1.202971E01
9.979739E01, 3.637116E00
9.980534E01, 3.553004E02
9.981298E01, 3.470191E02
9.982033E01, 3.387927E02
9.982738E01, 3.306206E02
9.983415E01, 3.225023E02
9.984067E01, 3.144375E02
9.984692E01, 3.064255E02
9.985293E01, 2.984659E02
9.985870E01, 2.905583E02
9.986425E01, 2.827022E02
9.986958E01, 2.748971E02
9.987470E01, 2.671425E02
9.987962E01, 2.594382E02
9.988435E01, 2.517835E02
9.988889E01, 2.441781E02
9.989325E01, 2.366216E02
9.989744E01, 2.291135E02
9.990147E01, 2.216535E02
9.990534E01, 2.142411E02
9.990906E01, 2.068759E02
9.991263E01, 1.995576E02
9.991606E01, 1.922858E02
9.991936E01, 1.850601E02
9.992252E01, 1.778800E02
9.992557E01, 1.707453E02
9.992849E01, 1.636556E02
9.993130E01, 1.566106E02
9.993400E01, 1.496098E02
9.993659E01, 1.426529E02
9.993908E01, 1.357396E02
9.994147E01, 1.288695E02
9.994377E01, 1.220424E02
9.994598E01, 1.152578E02
9.994810E01, 1.085155E02
9.995014E01, 1.018151E02
9.995210E01, 9.515640E01
9.995398E01, 8.853896E01
9.995579E01, 8.196253E01
9.995752E01, 7.542680E01
9.995919E01, 6.893148E01
9.996080E01, 6.247626E01
9.996234E01, 5.606086E01
9.996381E01, 4.968500E01
9.996524E01, 4.334838E01
9.996660E01, 3.705073E01
9.996791E01, 3.079177E01
9.996917E01, 2.457123E01
9.997038E01, 1.838885E01
9.997155E01, 1.224436E01
9.997267E01, 6.137491E00
9.997374E01, 6.799333E-02
9.997477E01, 3.540356E02
9.997576E01, 3.480401E02
9.997671E01, 3.420812E02
9.997763E01, 3.361587E02
9.997851E01, 3.302722E02
9.997935E01, 3.244217E02
9.998016E01, 3.186069E02
9.998094E01, 3.128274E02
9.998169E01, 3.070832E02
9.998241E01, 3.013739E02
9.998310E01, 2.956993E02
9.998377E01, 2.900593E02
9.998440E01, 2.844536E02
9.998502E01, 2.788819E02
9.998560E01, 2.733442E02
9.998617E01, 2.678400E02
9.998671E01, 2.623694E02
9.998724E01, 2.569320E02
9.998774E01, 2.515276E02
9.998822E01, 2.461561E02
9.998868E01, 2.408172E02
9.998913E01, 2.355107E02
9.998955E01, 2.302366E02
9.998996E01, 2.249944E02
9.999036E01, 2.197842E02
9.999074E01, 2.146056E02
9.999110E01, 2.094586E02
9.999145E01, 2.043429E02
9.999179E01, 1.992583E02
9.999211E01, 1.942047E02
9.999242E01, 1.891818E02
9.999272E01, 1.841896E02
9.999300E01, 1.792279E02
9.999328E01, 1.742964E02
9.999354E01, 1.693950E02
9.999380E01, 1.645235E02
9.999404E01, 1.596819E02
9.999427E01, 1.548698E02
9.999450E01, 1.500872E02
9.999471E01, 1.453339E02
9.999492E01, 1.406097E02
9.999512E01, 1.359145E02
9.999531E01, 1.312482E02
9.999550E01, 1.266105E02
9.999567E01, 1.220014E02
9.999584E01, 1.174206E02
9.999601E01, 1.128681E02
9.999616E01, 1.083437E02
9.999632E01, 1.038472E02
9.999646E01, 9.937853E01
9.999660E01, 9.493753E01
9.999673E01, 9.052406E01
9.999686E01, 8.613799E01
9.999698E01, 8.177918E01
9.999710E01, 7.744750E01
9.999722E01, 7.314281E01
9.999733E01, 6.886498E01
9.999743E01, 6.461389E01
9.999753E01, 6.038940E01
9.999763E01, 5.619140E01
9.999772E01, 5.201975E01
9.999781E01, 4.787433E01
9.999790E01, 4.375502E01
9.999798E01, 3.966170E01
9.999806E01, 3.559425E01
9.999814E01, 3.155255E01
9.999821E01, 2.753649E01
9.999828E01, 2.354594E01
9.999835E01, 1.958080E01
9.999841E01, 1.564094E01
9.999847E01, 1.172627E01
9.999853E01, 7.836664E00
9.999859E01, 3.972016E00
9.999865E01, 1.322174E-01
9.999870E01, 3.563172E02
9.999875E01, 3.525267E02
9.999880E01, 3.487609E02
9.999885E01, 3.450194E02
9.999889E01, 3.413023E02
9.999894E01, 3.376093E02
9.999898E01, 3.339406E02
9.999902E01, 3.302958E02
9.999906E01, 3.266749E02
9.999909E01, 3.230779E02
9.999913E01, 3.195046E02
9.999916E01, 3.159550E02
9.999920E01, 3.124289E02
9.999923E01, 3.089262E02
9.999926E01, 3.054469E02
9.999929E01, 3.019909E02
9.999932E01, 2.985580E02
9.999934E01, 2.951482E02
9.999937E01, 2.917614E02
9.999939E01, 2.883976E02
9.999942E01, 2.850565E02
9.999944E01, 2.817382E02
9.999946E01, 2.784425E02
9.999948E01, 2.751694E02
9.999950E01, 2.719188E02
9.999952E01, 2.686906E02
9.999954E01, 2.654847E02
9.999956E01, 2.623010E02
9.999958E01, 2.591395E02
9.999959E01, 2.560001E02
9.999961E01, 2.528827E02
9.999962E01, 2.497872E02
9.999964E01, 2.467136E02
9.999965E01, 2.436617E02
9.999967E01, 2.406316E02
9.999968E01, 2.376231E02
9.999969E01, 2.346361E02
9.999971E01, 2.316706E02
9.999972E01, 2.287265E02
9.999973E01, 2.258037E02
9.999974E01, 2.229022E02
9.999975E01, 2.200220E02
9.999976E01, 2.171628E02
9.999977E01, 2.143247E02
9.999978E01, 2.115076E02
9.999979E01, 2.087114E02
9.999979E01, 2.059361E02
9.999980E01, 2.031816E02
9.999981E01, 2.004478E02
9.999982E01, 1.977347E02
9.999982E01, 1.950422E02
9.999983E01, 1.923703E02
9.999984E01, 1.897188E02
9.999984E01, 1.870877E02
9.999985E01, 1.844770E02
9.999986E01, 1.818866E02
9.999986E01, 1.793165E02
9.999987E01, 1.767665E02
9.999987E01, 1.742366E02
9.999988E01, 1.717268E02
9.999988E01, 1.692371E02
9.999989E01, 1.667673E02
9.999989E01, 1.643173E02
9.999990E01, 1.618873E02
9.999990E01, 1.594770E02
9.999990E01, 1.570864E02
9.999991E01, 1.547156E02
9.999991E01, 1.523643E02
9.999991E01, 1.500327E02
9.999992E01, 1.477205E02
9.999992E01, 1.454279E02
9.999992E01, 1.431547E02
9.999993E01, 1.409008E02
9.999993E01, 1.386663E02
9.999993E01, 1.364511E02
9.999994E01, 1.342551E02
9.999994E01, 1.320782E02
9.999994E01, 1.299206E02
9.999994E01, 1.277820E02
9.999995E01, 1.256624E02
9.999995E01, 1.235618E02
9.999995E01, 1.214802E02
9.999995E01, 1.194176E02
9.999995E01, 1.173737E02
9.999996E01, 1.153487E02
9.999996E01, 1.133425E02
9.999996E01, 1.113550E02
9.999996E01, 1.093862E02
9.999996E01, 1.074361E02
9.999996E01, 1.055046E02
9.999996E01, 1.035916E02
9.999997E01, 1.016972E02
9.999997E01, 9.982126E01
9.999997E01, 9.796379E01
9.999997E01, 9.612473E01
9.999997E01, 9.430405E01
9.999997E01, 9.250171E01
9.999997E01, 9.071767E01
9.999997E01, 8.895189E01
9.999998E01, 8.720435E01
9.999998E01, 8.547500E01
9.999998E01, 8.376380E01
9.999998E01, 8.207073E01
9.999998E01, 8.039575E01
9.999998E01, 7.873882E01
9.999998E01, 7.709991E01
9.999998E01, 7.547899E01
9.999998E01, 7.387602E01
9.999998E01, 7.229098E01
9.999998E01, 7.072383E01
9.999998E01, 6.917453E01
9.999998E01, 6.764306E01
9.999999E01, 6.612939E01
9.999999E01, 6.463349E01
9.999999E01, 6.315532E01
9.999999E01, 6.169486E01
9.999999E01, 6.025208E01
9.999999E01, 5.882694E01
9.999999E01, 5.741943E01
9.999999E01, 5.602951E01
9.999999E01, 5.465715E01
9.999999E01, 5.330234E01
9.999999E01, 5.196503E01
9.999999E01, 5.064521E01
9.999999E01, 4.934285E01
9.999999E01, 4.805793E01
9.999999E01, 4.679041E01
9.999999E01, 4.554027E01
9.999999E01, 4.430750E01
9.999999E01, 4.309206E01
9.999999E01, 4.189393E01
9.999999E01, 4.071309E01
9.999999E01, 3.954951E01
9.999999E01, 3.840318E01
9.999999E01, 3.727406E01
9.999999E01, 3.616215E01
9.999999E01, 3.506741E01
9.999999E01, 3.398982E01
9.999999E01, 3.292938E01
1.000000E02, 3.188604E01
1.000000E02, 3.085980E01
1.000000E02, 2.985063E01
1.000000E02, 2.885852E01
1.000000E02, 2.788345E01
1.000000E02, 2.692539E01
1.000000E02, 2.598433E01
1.000000E02, 2.506025E01
1.000000E02, 2.415314E01
1.000000E02, 2.326297E01
1.000000E02, 2.238973E01
1.000000E02, 2.153340E01
1.000000E02, 2.069396E01
1.000000E02, 1.987141E01
1.000000E02, 1.906572E01
1.000000E02, 1.827688E01
1.000000E02, 1.750488E01
1.000000E02, 1.674969E01
1.000000E02, 1.601131E01
1.000000E02, 1.528972E01
1.000000E02, 1.458491E01
1.000000E02, 1.389686E01
1.000000E02, 1.322557E01
1.000000E02, 1.257101E01
1.000000E02, 1.193318E01
1.000000E02, 1.131206E01
1.000000E02, 1.070764E01
1.000000E02, 1.011992E01
1.000000E02, 9.548875E00
1.000000E02, 8.994500E00
1.000000E02, 8.456784E00
1.000000E02, 7.935717E00
1.000000E02, 7.431289E00
1.000000E02, 6.943491E00
1.000000E02, 6.472313E00
1.000000E02, 6.017747E00
1.000000E02, 5.579783E00
1.000000E02, 5.158415E00
1.000000E02, 4.753634E00
1.000000E02, 4.365433E00
1.000000E02, 3.993803E00
1.000000E02, 3.638739E00
1.000000E02, 3.300234E00
1.000000E02, 2.978281E00
1.000000E02, 2.672875E00
1.000000E02, 2.384009E00
1.000000E02, 2.111678E00
1.000000E02, 1.855878E00
1.000000E02, 1.616603E00
1.000000E02, 1.393850E00
1.000000E02, 1.187613E00
1.000000E02, 9.978893E-01
1.000000E02, 8.246751E-01
1.000000E02, 6.679671E-01
1.000000E02, 5.277626E-01
1.000000E02, 4.040589E-01
1.000000E02, 2.968536E-01
1.000000E02, 2.061448E-01
1.000000E02, 1.319308E-01
1.000000E02, 7.421030E-02
1.000000E02, 3.298210E-02
1.000000E02, 8.245487E-03
1.000000E02, 0.000000E00
##END=
